 5 BACKUP
   1.0000   0.3000 0 5.000000 600 0 4 0
 0 1 0 7 1 7 1 0.200000 1
   5.0000   5.0000   2.0000   1.8000   1.0000   0.5000   1.0000   0.5000
   3.0000   2.0000   1.5000   1.5000 1 40 0 4
 0.261794 0.500000 0.500000 0.300000
 -10.0000 -10.0000   3.0000 1 1 4 0 0 0 0
 7 1 5 6 5 1 400 1024 768 0
 ^ φ
 # ±
 7 3 3 7 8 9 2 9 9 6 2 2 6 6 2 9 9 8 2 8 7 0 0 
141
112
152
153
155
164
166
165
310
222
122
123
124
125
167
202
207
0
0
0
 818 803 805 806 807 808 809 812 813 815 201 205 207 212 221 222 223 164 305 307
 3.000000 1.500000 0.500000 0.500000 0.300000 1.000000 0.261800
 1 0 1 1697 346 1805 657 1 1 0 1 1680 868 0 0 0 8 1
 2 0 1022 728 8192 949 121 1
     0.00     0.00     0.00     0.00     0.00     0.00     0.00     0.00     0.00     0.00     0.00     0.00     0.00     0.00     0.00     0.00
     0.00     0.00     0.00     0.00     0.00     0.00     0.00     0.00     0.00     0.00     0.00     0.00     0.00     0.00     0.00     0.00
     0.00     0.00     1.00     0.00     0.00     0.00     0.00     0.00     0.00     0.00     0.00     0.00     0.00     0.00     0.00     0.00
 1 0 Ricty$Diminished
 Ricty$Diminished
 1 1799 210 0 0
 ?
 ncd
 ?
 ?
 0 0 1 0 1 0 0 5.000000 0 0 0.010000 1
 1 0 0.000000 0.000000 0.000000 0.000000 3 1 5 7 1 1 1 100 100 100 0
 1 0.500000 0.500000 5.000000 0.500000 0.500000 5.000000 0.500000 0.500000 3.000000 1.000000
 3.000000 2.000000 1.500000 1.000000 1.000000 0.261800 0.500000 0.500000 0.300000
メイリオ
メイリオ
 1 0 0 0 0 0 0 0 0 0
?
?
?
?
?
?
?
?
white
white
white
white
red
red
red
red
green
green
green
green
blue
blue
blue
blue
cyan
cyan
cyan
cyan
magenta
magenta
magenta
magenta
yellow
yellow
yellow
yellow
92
92
92
92
252
252
252
252
CONTINUOUS
HIDDEN
CENTER2
PHANTOM2
DASHED
DIM1
green
0
STANDARD
white
3.00
0
1 0
900.0,600.0
0 0 0
100001000010000000010001000000000000000000000000
1 0
white
0 0 0 0 0 0 0.000000 8096 8096 0.100000 0 0
1 1 1 1 1 1 1 1 1 1 1 1 1 1 1 1 1 1 1 0 0 0.000000
